[6.975,
9.014,
5.65,
2.702,
12.535,
4.504,
5.388,
1.117,
1.114,
1.086,
1.14,
2.352,
1.237,
1.162,
1.475,
1.449,
1.541,
2.73,
1.16,
1.272,
2.054,
2.034,
1.583,
1.086,
1.121,
1.665,
1.3,
1.293,
2.82,
1.374,
1.239,
1.121,
1.639,
1.071,
1.31,
1.355,
1.046,
1.061,
1.484,
2.844,
1.092,
1.053,
1.231,
1.177,
1.008,
3.348,
1.197,
1.16,
0.953,
0.94,
0.949,
1.508,
1.403,
1.621,
1.25,
1.255,
1.261,
1.275,
0.93,
0.917,
1.125,
1.244,
1.152,
0.933,
1.172,
1.379,
1.245,
1.351,
1.316,
1.241,
1.284,
0.962,
2.802,
1.723,
0.963,
1.038,
1.179,
1.147,
1.144,
1.002,
1.167,
0.941,
1.495,
0.966,
0.929,
1.004,
1.037,
0.95,
1.038,
1.019,
1.299,
0.962,
1.351,
1.142,
0.967,
1.061,
0.948,
0.941,
0.975,
1.136,
1.31,
1.367,
0.941,
0.943,
0.942,
1.47,
0.936,
0.943,
0.933,
1.497,
1.493,
0.959,
0.927,
1.11,
0.935,
1.173,
0.988,
1.019,
0.951,
0.962,
0.983,
0.946,
0.989,
0.958,
1.002,
0.951,
0.952,
1.045,
0.949,
1.253,
1.367,
1.487,
1.409,
1.342,
0.939,
0.924,
0.935,
0.919,
1.146,
0.927,
1.483,
1.103,
1.021,
1.005,
0.953,
0.943,
0.981,
1.14,
1.235,
0.921,
0.938,
0.925,
0.96,
0.928,
0.921,
0.946,
0.939,
1.246,
1.153,
1.28,
0.948,
0.958,
0.976,
0.937,
0.985,
1.148,
1.003,
0.92,
1.25,
1.086,
0.926,
0.948,
0.948,
0.96,
0.946,
0.893,
0.937,
0.932,
0.966,
0.985,
1.231,
0.926,
0.927,
0.888,
0.968,
0.867,
0.91,
0.857,
0.861,
1.057,
0.872,
1.35,
1.097,
0.914,
0.915,
0.891,
1.06,
1.652,
1.44,
0.981,
0.961,
0.981,
1.049,
1.024,
0.925,
1.422,
1.518,
1.304,
1.697,
1.233,
1.224,
1.229,
1.428,
1.25,
1.264,
1.263,
1.402,
0.943,
1.498,
0.971,
1.579,
0.936,
1.229,
0.932,
1.416,
1.21,
1.031,
0.967,
1.21,
0.961,
1.312,
1.226,
1.327,
1.235,
1.501,
2.087,
2.092,
1.931,
2.009,
2.053,
1.907,
1.906,
1.505,
1.469,
1.462,
1.488,
1.284,
1.518,
1.761,
1.367,
0.947,
1.55,
1.734,
1.614,
1.505,
1.503,
1.006,
0.922,
0.95,
1.023,
1.17,
1.369,
0.977,
1.819,
0.936,
1.135,
1.274,
0.939,
0.927,
0.933,
0.956,
1.232,
0.94,
0.94,
0.937,
1.12,
0.95,
0.961,
0.937,
0.956,
0.937,
0.989,
0.934,
1.014,
0.93,
1.056,
1.379,
1.15,
0.941,
1.446,
1.064,
1.546,
1.534,
1.488,
1.498,
1.534,
1.531,
1.537,
1.53,
1.457,
1.505,
1.353,
1.713,
1.506,
1.472,
1.426,
1.54,
1.527,
1.468,
1.529,
1.509,
1.445,
1.375,
1.472,
1.529,
1.535,
1.507,
1.42,
1.398,
1.474,
1.549,
1.543,
1.522,
1.586,
1.203,
1.45,
1.025,
0.95,
1.005,
1.004,
1.08,
0.959,
1.089,
1.207,
0.957,
0.92,
0.924,
0.953,
0.928,
0.972,
1.278,
0.941,
0.93,
0.955,
0.946,
0.986,
1.118,
0.959,
0.939,
0.945,
1.554,
1.456,
0.94,
1.18,
1.108,
1.669,
1.401,
1.352,
0.936,
0.94,
0.992,
0.986,
0.967,
1.014,
1.234,
0.952,
1.133,
1.073,
1.163,
1.012,
0.989,
0.937,
0.933,
0.87,
0.963,
1.115,
0.955,
0.975,
0.941,
1.345,
1.232,
1.073,
0.939,
0.9,
0.904,
0.891,
0.868,
0.857,
0.893,
0.97,
0.876,
0.895,
0.937,
0.872,
0.848,
0.993,
1.209,
0.989,
0.914,
0.944,
0.994,
1.389,
0.849,
0.946,
0.872,
0.946,
0.883,
1.035,
0.898,
0.914,
0.907,
0.863,
0.894,
1.446,
1.387,
1.526,
0.866,
1.172,
1.186,
0.886,
1.259,
1.046,
0.941,
0.927,
0.985,
0.962,
0.928,
1.146,
1.478,
1.156,
1.963,
2.002,
1.859,
1.469,
0.957,
1.431,
0.957,
1.464,
1.518,
1.508,
1.5,
1.53,
1.462,
1.536,
1.626,
1.535,
1.441,
1.442,
0.958,
0.954,
1.063,
0.978,
1.701,
1.104,
0.957,
0.957,
1.034,
0.944,
1.204,
0.956,
0.972,
1.02,
0.948,
1.07,
0.938,
0.987,
0.933,
1.056,
1.037,
1.408,
0.957,
1.28,
1.494,
1.116,
0.966,
1.067,
1.061,
1.117,
1.513,
0.953,
0.95,
0.948]
